species.code <- 3490